1.000000000000000000e+00 0.000000000000000000e+00 0.000000000000000000e+00
1.000000000000000000e+00 0.000000000000000000e+00 0.000000000000000000e+00
1.000000000000951683e+00 3.601788413891683522e-07 3.362098721030006919e-08
1.000000000000291100e+00 7.417921267228325689e-07 6.636701954986803830e-08
9.999999999996078692e-01 1.116236842426081528e-06 9.269164784913161407e-08
9.999999999996503908e-01 1.477349824391005576e-06 1.094918852730773789e-07
9.999999999999271694e-01 1.820854287312573676e-06 1.144263818929957086e-07
1.000000000001331824e+00 2.142956468302803392e-06 1.060170929275714523e-07
1.000000000001405986e+00 2.440299702591047453e-06 8.388267642755990458e-08
9.999999999971461717e-01 2.709998470083910527e-06 4.896455314934182335e-08
9.999999999978660403e-01 2.949661860032636214e-06 3.699546313114702700e-09
9.999999999964981345e-01 3.157402878167256079e-06 -4.791619075296726310e-08
1.000000000001592504e+00 3.331836146980300933e-06 -1.004415592050956167e-07
1.000000000002713607e+00 3.472062681366304706e-06 -1.473604259626318189e-07
9.999999999989684918e-01 3.577629268675821469e-06 -1.817778823279226351e-07
1.000000000001978639e+00 3.648430078950606156e-06 -1.974848164260665114e-07
1.000000000002140510e+00 3.684486877596641307e-06 -1.903678002690771848e-07
9.999999999959792163e-01 3.685474075944207735e-06 -1.599825858883413022e-07
9.999999999978004261e-01 3.649532891036482075e-06 -1.104910334901782516e-07
1.000000000001135536e+00 3.569359091518253316e-06 -4.730226505710034791e-08
9.999999999941033835e-01 3.422000432735066093e-06 3.977639410389044203e-08
9.999999999947148943e-01 3.244208322469158115e-06 9.761409745152087602e-08
9.999999999954664043e-01 3.014120349911855626e-06 1.526371138858771687e-07
9.999999999963317121e-01 2.704044482508411269e-06 2.137056423277689476e-07
9.999999999973497866e-01 2.290743382550170316e-06 2.689102610208218542e-07
9.999999999983789634e-01 1.771241627791657106e-06 2.803990374000894451e-07
9.999999999992685851e-01 1.172779964677733480e-06 1.930651914673794329e-07
9.999999999998376854e-01 5.469517403594490947e-07 -3.689954265755381352e-08
9.999999999999072964e-01 -5.040589689140758205e-08 -4.118015401187232045e-07
9.999999999994253486e-01 -5.826175476258935632e-07 -8.871371630562852009e-07
9.999999999985048627e-01 -1.044552520094902262e-06 -1.396797987931872314e-06
9.999999999971547204e-01 -1.455420640040137911e-06 -1.887279062296464478e-06
9.999999999955621055e-01 -1.838101627941812653e-06 -2.335273621353824540e-06
9.999999999937811967e-01 -2.202359565108352924e-06 -2.741871030599027740e-06
9.999999999919029214e-01 -2.544293790573811946e-06 -3.115973646221159257e-06
9.999999999899124026e-01 -2.858803107418718029e-06 -3.463351135927523564e-06
9.999999999878944612e-01 -3.151116046812438606e-06 -3.787757274015096869e-06
9.999999999857012156e-01 -3.436306815721349647e-06 -4.097838851170143058e-06
9.999999999833405484e-01 -3.729902775681209382e-06 -4.410211659144412109e-06
9.999999999806026274e-01 -4.041816734871494334e-06 -4.745797613785470668e-06
9.999999999773407922e-01 -4.377900692513492987e-06 -5.122641149285360281e-06
9.999999999733669709e-01 -4.740661649835294229e-06 -5.550395772977089516e-06
9.999999999687224639e-01 -5.122916095597491270e-06 -6.027399244503420795e-06
9.999999999634662240e-01 -5.502549597950475644e-06 -6.545466589479396171e-06
9.999999999576899556e-01 -5.852550954939704545e-06 -7.095650162229041037e-06
9.999999999515301052e-01 -6.163155862566260058e-06 -7.673526568452396183e-06
9.999999999448531129e-01 -6.454135462649639395e-06 -8.282982093441155393e-06
9.999999999372114479e-01 -6.760775556881470322e-06 -8.935197546015578429e-06
9.999999999282397356e-01 -7.105990329659562733e-06 -9.641316688625609953e-06
9.999999999178312837e-01 -7.487820112339803169e-06 -1.040404488792222547e-05
9.999999999059623335e-01 -7.893144441712688896e-06 -1.121489930825337255e-05
9.999999998927041611e-01 -8.318337633461589839e-06 -1.205849347651672174e-05
9.999999998780322308e-01 -8.772606266194539907e-06 -1.292018587159783551e-05
9.999999998620062724e-01 -9.262039529875440034e-06 -1.379055135387669496e-05
9.999999998447665073e-01 -9.773675890595857728e-06 -1.466107778096487004e-05
9.999999998268365164e-01 -1.027712923344964055e-05 -1.551489014557174177e-05
9.999999998090498554e-01 -1.074174947852204262e-05 -1.632490021821170309e-05
9.999999997922017769e-01 -1.115325694693298043e-05 -1.706476751224355709e-05
9.999999997766176874e-01 -1.151901254654073539e-05 -1.772252626863289384e-05
9.999999997621193959e-01 -1.186427601635537128e-05 -1.830351264350072647e-05
9.999999997481477942e-01 -1.222557000111156633e-05 -1.882068573395341847e-05
9.999999997341756375e-01 -1.264303217974031004e-05 -1.928269566072184738e-05
9.999999997196394874e-01 -1.315238206511032870e-05 -1.969119487093348183e-05
9.999999997040995847e-01 -1.377924067374037348e-05 -2.004875742345058387e-05
9.999999996869112229e-01 -1.453650802610961175e-05 -2.036784086054573277e-05
9.999999996674571179e-01 -1.542191139010535620e-05 -2.067157824397742897e-05
9.999999996451125472e-01 -1.641396506398397096e-05 -2.098627886296151274e-05
9.999999996199022689e-01 -1.746950787493844280e-05 -2.133084789334719537e-05
9.999999995927577601e-01 -1.852814701400988930e-05 -2.170754585818373438e-05
9.999999995651851492e-01 -1.952621625084312198e-05 -2.209807299772058745e-05
9.999999995391515295e-01 -2.041676611591665305e-05 -2.246882135791938417e-05
9.999999995160018251e-01 -2.118633959355290401e-05 -2.278421330532120145e-05
9.999999994961390470e-01 -2.185811188566351459e-05 -2.302010010911932780e-05
9.999999994789411373e-01 -2.247861288250791839e-05 -2.316957131865520411e-05
9.999999994631939559e-01 -2.309635794293103295e-05 -2.324167484529554068e-05
9.999999994476344023e-01 -2.374337806519867403e-05 -2.325806796047231569e-05
9.999999994314615614e-01 -2.442476434762071407e-05 -2.324841759613637985e-05
9.999999994144416204e-01 -2.511815127685689854e-05 -2.324236565092075121e-05
9.999999993970662970e-01 -2.578510015435008228e-05 -2.325964043036893913e-05
9.999999993802789477e-01 -2.639115791199026214e-05 -2.330343738566787609e-05
9.999999993646776497e-01 -2.692338553758625433e-05 -2.336131963644413911e-05
9.999999993506202278e-01 -2.739508119164554725e-05 -2.341478194909656123e-05
9.999999993375058294e-01 -2.783778908022523779e-05 -2.345372128129980395e-05
9.999999993240696883e-01 -2.828813209326048095e-05 -2.348654205725594872e-05
9.999999993089997430e-01 -2.877540149818880275e-05 -2.353756520511291505e-05
9.999999992911440261e-01 -2.931210950231583493e-05 -2.363334776795610422e-05
9.999999992703886287e-01 -2.988885066318051681e-05 -2.378859840966257461e-05
9.999999992476160671e-01 -3.047556699918582834e-05 -2.399999034213459828e-05
9.999999992245837133e-01 -3.103153211467500345e-05 -2.424678981742486273e-05
9.999999992031816110e-01 -3.152343018381272168e-05 -2.449444261715351664e-05
9.999999991846978409e-01 -3.194411192486258460e-05 -2.470227191747943028e-05
9.999999991692843926e-01 -3.231975908347373795e-05 -2.483684221196922324e-05
9.999999991557995127e-01 -3.269745538429562960e-05 -2.488589391918631644e-05
9.999999991424814993e-01 -3.311877644475354774e-05 -2.486484848516353236e-05
9.999999991277894740e-01 -3.359708226641197523e-05 -2.481243834505954588e-05
9.999999991112001885e-01 -3.411309636533996665e-05 -2.477690525961831925e-05
9.999999990929632210e-01 -3.462818690725615967e-05 -2.479763826062855673e-05
9.999999990740396916e-01 -3.510389439344076436e-05 -2.489159467511428263e-05
9.999999990554186979e-01 -3.551702224431531606e-05 -2.505263440862956227e-05
9.999999990377330672e-01 -3.586551081346750974e-05 -2.526113246117308374e-05
9.999999990210622913e-01 -3.616564861139715263e-05 -2.549345913373349224e-05
9.999999990050212340e-01 -3.644450341108495866e-05 -2.572548572815768229e-05
9.999999989891693586e-01 -3.673028132658387072e-05 -2.593351589861080884e-05
9.999999989734363881e-01 -3.704070649967661000e-05 -2.609828768555533658e-05
9.999999989580800053e-01 -3.737319415199964918e-05 -2.621192400147710471e-05
9.999999989437912129e-01 -3.770492462987624194e-05 -2.628223237455259035e-05
9.999999989312136073e-01 -3.800487626473730195e-05 -2.632853924157339381e-05
9.999999989208682161e-01 -3.824873776840011382e-05 -2.636854784436344358e-05
9.999999989131262979e-01 -3.842589164190352545e-05 -2.640343731560514348e-05
9.999999989086811869e-01 -3.853661828759335632e-05 -2.641168526164928941e-05
9.999999989082255514e-01 -3.858569621355873878e-05 -2.635676159445871834e-05
9.999999989124797040e-01 -3.857925940496415452e-05 -2.620421408100129715e-05
9.999999989214330975e-01 -3.852741531612128228e-05 -2.593835101965435413e-05
9.999999989338962392e-01 -3.844959723545208319e-05 -2.557054585950858212e-05
9.999999989477308393e-01 -3.837669841667329027e-05 -2.513589737867004265e-05
9.999999989602711414e-01 -3.834623145296700997e-05 -2.467860184608441663e-05
9.999999989694423608e-01 -3.839223806156211616e-05 -2.423095636834076970e-05
9.999999989743099116e-01 -3.853583697818875164e-05 -2.379771068349949948e-05
9.999999989752078600e-01 -3.878192493376383671e-05 -2.335760390434284375e-05
9.999999989729373429e-01 -3.912334654659447859e-05 -2.288111761016967712e-05
9.999999989682151202e-01 -3.954813204265055773e-05 -2.235010248018032505e-05
9.999999989613870266e-01 -4.004372633564585364e-05 -2.176585370637274430e-05
9.999999989523701283e-01 -4.059711939649786745e-05 -2.114491611923253374e-05
9.999999989411366697e-01 -4.119429645718798689e-05 -2.051071354179989713e-05
9.999999989277301715e-01 -4.182134767740649595e-05 -1.988654762721488227e-05
9.999999989122221322e-01 -4.246633649315490329e-05 -1.928946311105493119e-05
9.999999988949785923e-01 -4.311977535028718717e-05 -1.872506726133116978e-05
9.999999988765534420e-01 -4.377302970924830188e-05 -1.818838782430771869e-05
9.999999988574466148e-01 -4.441577977520151595e-05 -1.767366708826412257e-05
9.999999988382772820e-01 -4.503491995341467135e-05 -1.718628269520870776e-05
9.999999988192819211e-01 -4.561772603510359298e-05 -1.674640956100812954e-05
9.999999988004978357e-01 -4.615929073504036143e-05 -1.638036407242693935e-05
9.999999987813443791e-01 -4.666832237160974768e-05 -1.610411636178574340e-05
9.999999987612392394e-01 -4.716419007335631005e-05 -1.590923899003444402e-05
9.999999987397251155e-01 -4.766658328054789882e-05 -1.576279595911092780e-05
9.999999987169485571e-01 -4.818621608148816092e-05 -1.562426261478500533e-05
9.999999986935634855e-01 -4.872013290579417966e-05 -1.546735400362146345e-05
9.999999986704039001e-01 -4.924851751370611021e-05 -1.528892551546645064e-05
9.999999986491817650e-01 -4.973503711383860424e-05 -1.510016132557835501e-05
9.999999986318440781e-01 -5.013879383819613980e-05 -1.491169902988565221e-05
9.999999986196688173e-01 -5.043580358516321538e-05 -1.472590327493373071e-05
9.999999986124937790e-01 -5.063260706683700446e-05 -1.453904696952477552e-05
9.999999986088810022e-01 -5.075822650375068270e-05 -1.434712376952723859e-05
9.999999986074967762e-01 -5.084107831640761582e-05 -1.414824921591007065e-05
9.999999986079227687e-01 -5.089055859178989093e-05 -1.394020077272105353e-05
9.999999986107076522e-01 -5.089615397923007097e-05 -1.371704883360687595e-05
9.999999986169393340e-01 -5.084027880988449614e-05 -1.346938665135515680e-05
9.999999986271954633e-01 -5.071155885102733362e-05 -1.318955061210587392e-05
9.999999986414986886e-01 -5.050864623430312869e-05 -1.287827936742771799e-05
9.999999986595600188e-01 -5.023502216974230197e-05 -1.254582719307810076e-05
9.999999986809449126e-01 -4.989238622724282438e-05 -1.220441602380674360e-05
9.999999987055765427e-01 -4.947896649867375998e-05 -1.185955023692543117e-05
9.999999987335173035e-01 -4.899381798091134781e-05 -1.151218238381577893e-05
9.999999987641647881e-01 -4.844401976171006249e-05 -1.117162145823698333e-05
9.999999987962756576e-01 -4.784872747310305833e-05 -1.086264296888461833e-05
9.999999988281796925e-01 -4.723434674459259480e-05 -1.061289706691559922e-05
9.999999988588332833e-01 -4.662180058152998348e-05 -1.042944376712660653e-05
9.999999988883806479e-01 -4.601511009433262951e-05 -1.028811716463313576e-05
9.999999989179146898e-01 -4.540052616093365575e-05 -1.014741777367189663e-05
9.999999989487101670e-01 -4.475600259494191043e-05 -9.975230816324080513e-06
9.999999989815813173e-01 -4.406184108827444426e-05 -9.767873717077748684e-06
9.999999990167747210e-01 -4.330401980852121473e-05 -9.550608001090195664e-06
9.999999990542652872e-01 -4.247108940795642814e-05 -9.362524747780572013e-06
9.999999990940018346e-01 -4.155287613166275479e-05 -9.235945615251682218e-06
9.999999991359009854e-01 -4.054516175631020882e-05 -9.180257745647599400e-06
9.999999991795279763e-01 -3.945552036553681425e-05 -9.175777370184773628e-06
9.999999992242600833e-01 -3.830446556146527911e-05 -9.179912348280064123e-06
9.999999992691467332e-01 -3.712214701265139602e-05 -9.144824097026421232e-06
9.999999993131705178e-01 -3.594308257196757189e-05 -9.039162232937524019e-06
9.999999993552838307e-01 -3.479860532769224907e-05 -8.860850808035111644e-06
9.999999993946592225e-01 -3.370686455292754523e-05 -8.633331156349578902e-06
9.999999994312839258e-01 -3.266519671368586086e-05 -8.390152601994294764e-06
9.999999994658020919e-01 -3.165165915951792199e-05 -8.158864113881869381e-06
9.999999994990198537e-01 -3.063763247988692326e-05 -7.951913987789190831e-06
9.999999995315884682e-01 -2.960504142521148561e-05 -7.766926426750941353e-06
9.999999995634246686e-01 -2.855647928053976444e-05 -7.593612895547719774e-06
9.999999995940438424e-01 -2.751096635927410510e-05 -7.420492838476233264e-06
9.999999996229745891e-01 -2.648901546517487638e-05 -7.236613760238840667e-06
9.999999996502585420e-01 -2.549726513062747454e-05 -7.031275562246856736e-06
9.999999996762056753e-01 -2.452244971124390785e-05 -6.797824504307701135e-06
9.999999997015391884e-01 -2.353909236185171725e-05 -6.540938094374433283e-06
9.999999997265923701e-01 -2.252528886665160570e-05 -6.280086320233635986e-06
9.999999997511485050e-01 -2.147369488639160471e-05 -6.043240566432723712e-06
9.999999997749581260e-01 -2.039097799076793201e-05 -5.851058069038097021e-06
9.999999997976382060e-01 -1.929257256907466984e-05 -5.699356338725442029e-06
9.999999998189289530e-01 -1.820156865130793399e-05 -5.553604638875035601e-06
9.999999998385907807e-01 -1.714882841514631169e-05 -5.364660451275142842e-06
9.999999998563454673e-01 -1.616578902368510817e-05 -5.097877584136367153e-06
9.999999998721129657e-01 -1.527078368305050240e-05 -4.753970478847050297e-06
9.999999998859312456e-01 -1.445886009635580874e-05 -4.365609032561827547e-06
9.999999998982032068e-01 -1.370228654883620193e-05 -3.973512091097622319e-06
9.999999999095132708e-01 -1.296047754211431461e-05 -3.600585753191543560e-06
9.999999999203925682e-01 -1.219347931803213046e-05 -3.241135002237609575e-06
9.999999999311971477e-01 -1.137450736537463297e-05 -2.868331772701066491e-06
9.999999999418730523e-01 -1.049930659074138166e-05 -2.449815902140430135e-06
9.999999999521069771e-01 -9.588294747854985594e-06 -1.959268966571055533e-06
9.999999999614183066e-01 -8.676914424522496198e-06 -1.380565726504860371e-06
9.999999999693668373e-01 -7.797445338759543775e-06 -7.099202239677858139e-07
9.999999999757467339e-01 -6.963741379972654913e-06 3.953291961204655705e-08
9.999999999806272744e-01 -6.167808903982700788e-06 8.347378577056214625e-07
9.999999999841554521e-01 -5.387389486978178692e-06 1.629974836354904949e-06
9.999999999865787359e-01 -4.597573637073885637e-06 2.386260008807346605e-06
9.999999999880825330e-01 -3.780761041673726088e-06 3.091001667286626145e-06
9.999999999886444169e-01 -2.932604608514256442e-06 3.761841251099265862e-06
9.999999999880321289e-01 -2.062905918287041523e-06 4.432521170762052512e-06
9.999999999861137745e-01 -1.192560342013034940e-06 5.133423560031359458e-06
9.999999999826636454e-01 -3.499188417153153308e-07 5.877511904594565497e-06
9.999999999777710036e-01 4.333332691755099147e-07 6.653526579141556862e-06
9.999999999717446020e-01 1.130972355426120506e-06 7.427943986425051893e-06
9.999999999651901783e-01 1.736480526776604591e-06 8.158431400959553732e-06
9.999999999585560406e-01 2.274485349454975803e-06 8.813602215899033864e-06
9.999999999520522431e-01 2.797138165089716597e-06 9.386146426648093994e-06
9.999999999454781685e-01 3.361549434283727542e-06 9.890994689432922290e-06
9.999999999384212579e-01 4.000637626346506124e-06 1.035179996890803756e-05
9.999999999307581655e-01 4.707854363658428360e-06 1.078624167160114376e-05
9.999999999224532532e-01 5.445718263082955106e-06 1.119925664388315639e-05
9.999999999138584617e-01 6.169455348216377309e-06 1.158657420411654345e-05
9.999999999051981669e-01 6.848847940389421934e-06 1.194378253203077912e-05
9.999999998967430415e-01 7.477661977295861861e-06 1.227249994685805394e-05
9.999999998883557506e-01 8.070640088775757679e-06 1.257749212856985973e-05
9.999999998798756451e-01 8.653946623321397854e-06 1.285781294544469124e-05
9.999999998713438032e-01 9.254062172827704126e-06 1.310262128048955776e-05
9.999999998627304709e-01 9.887207848345756791e-06 1.329790909748367492e-05
9.999999998540166635e-01 1.055276256126066256e-05 1.343907264098538780e-05
9.999999998452133720e-01 1.123587745016006340e-05 1.353905095814933855e-05
9.999999998361200904e-01 1.191880464309099265e-05 1.362615160714052740e-05
9.999999998263721102e-01 1.259272937931642747e-05 1.373369347196389135e-05
9.999999998155798542e-01 1.326270267486760171e-05 1.388827985537657386e-05
9.999999998033380910e-01 1.394467895998523155e-05 1.410277392966103094e-05
9.999999997892382586e-01 1.465716340064433059e-05 1.437556689383051848e-05
9.999999997732891277e-01 1.541119407296642608e-05 1.469410498595910158e-05
9.999999997555779618e-01 1.620465249017598747e-05 1.504071016614189970e-05
9.999999997364876769e-01 1.702547370978167769e-05 1.539936723850814042e-05
9.999999997163045995e-01 1.786024527099861183e-05 1.576106142334335084e-05
9.999999996951360881e-01 1.869927420084802340e-05 1.612598485079734192e-05
9.999999996730127849e-01 1.953427695097388622e-05 1.650233085909410852e-05
9.999999996500554822e-01 2.035281502737308303e-05 1.690134245359536084e-05
9.999999996265169777e-01 2.113551224646669660e-05 1.733002108879459519e-05
9.999999996029677041e-01 2.185912956600632263e-05 1.778584524124874407e-05
9.999999995801522878e-01 2.250565624243553738e-05 1.825704994509543783e-05
9.999999995584558654e-01 2.307408734934353415e-05 1.872759398010482608e-05
9.999999995378395790e-01 2.358694603694991355e-05 1.918304946236025924e-05
9.999999995176166445e-01 2.408347436427611037e-05 1.961465201899216168e-05
9.999999994969724915e-01 2.460097570398975215e-05 2.002071626571540788e-05
9.999999994753719923e-01 2.515698475175367650e-05 2.040600941284560210e-05
9.999999994526816982e-01 2.574410788445254423e-05 2.078094515722066793e-05
9.999999994292388950e-01 2.633751770564913809e-05 2.116130061679494874e-05
9.999999994054842301e-01 2.690663718279846366e-05 2.156515691280605962e-05
9.999999993818539101e-01 2.742426591657126420e-05 2.200356672341190811e-05
9.999999993590853453e-01 2.787230127411455624e-05 2.246934545668990399e-05
9.999999993380807028e-01 2.824533582310468781e-05 2.293499695283886730e-05
9.999999993194421677e-01 2.855100829866342429e-05 2.336494057846802227e-05
9.999999993035479928e-01 2.880465906825151613e-05 2.373401225535460207e-05
9.999999992900080459e-01 2.901923915866175453e-05 2.403860473924269024e-05
9.999999992786949843e-01 2.919626399634678263e-05 2.429413378927230892e-05
9.999999992692941708e-01 2.932550120584068686e-05 2.452447043125042316e-05
9.999999992615515865e-01 2.939667959013797996e-05 2.475258476916023502e-05
9.999999992549809535e-01 2.941570027513653208e-05 2.499500133759195369e-05
9.999999992485180123e-01 2.941028349134433309e-05 2.525793861810786132e-05
9.999999992412362815e-01 2.941723227785087027e-05 2.553628561879484461e-05
9.999999992326967790e-01 2.946128448346921647e-05 2.581846189690745357e-05
9.999999992230693691e-01 2.954467871000378737e-05 2.609486627999691542e-05
9.999999992127533988e-01 2.965631030902741099e-05 2.636304311587027094e-05
9.999999992018012707e-01 2.979117056223422414e-05 2.662586837427335717e-05
9.999999991897705609e-01 2.996202196076984755e-05 2.688478840172729408e-05
9.999999991760887275e-01 3.019245919038615952e-05 2.713374542504177721e-05
9.999999991606660643e-01 3.049725718293707944e-05 2.736091495312430419e-05
9.999999991438079938e-01 3.086718932804326823e-05 2.756071181166133791e-05
9.999999991261445675e-01 3.127021632722632518e-05 2.774664379426984592e-05
9.999999991080458228e-01 3.166589076624911503e-05 2.794984771488280030e-05
9.999999990896863977e-01 3.202143104858167248e-05 2.820018101748090960e-05
9.999999990713867026e-01 3.232123455735912219e-05 2.850509596155554107e-05
9.999999990536360128e-01 3.256877153796578292e-05 2.884399636115515963e-05
9.999999990369055070e-01 3.278334967381978061e-05 2.917991131155222480e-05
9.999999990212827816e-01 3.299325747601745653e-05 2.947644519072259130e-05
9.999999990066932298e-01 3.322549718137536226e-05 2.970995744003423699e-05
9.999999989927501609e-01 3.349509475675265966e-05 2.987547289147705966e-05
9.999999989791342747e-01 3.380084165647501219e-05 2.998674039175204165e-05
9.999999989654585475e-01 3.413128589330040959e-05 3.006869986053179917e-05
9.999999989514408716e-01 3.447444466726778538e-05 3.014323670968614639e-05
9.999999989372959641e-01 3.482027162836761415e-05 3.021540366786245346e-05
9.999999989239762854e-01 3.515473596988218081e-05 3.026895752363908845e-05
9.999999989131491684e-01 3.545634454845657268e-05 3.027469340847669979e-05
9.999999989064555228e-01 3.570323059116338536e-05 3.020639894567070700e-05
9.999999989044765503e-01 3.588568219933279042e-05 3.005417174593584314e-05
9.999999989067083206e-01 3.601226457869072993e-05 2.982805781672048304e-05
9.999999989115798682e-01 3.610354195717009655e-05 2.955239535006796468e-05
9.999999989176761028e-01 3.617807658126555136e-05 2.925461935214891446e-05
9.999999989242251974e-01 3.624131911952187160e-05 2.895162404618782035e-05
9.999999989316025184e-01 3.628549152151467434e-05 2.863862098866705287e-05
9.999999989410141010e-01 3.630023612105692592e-05 2.828872156028905524e-05
9.999999989533998601e-01 3.628588736098109036e-05 2.786636926101597071e-05
9.999999989687132773e-01 3.625884281659214243e-05 2.734609786694753287e-05
9.999999989861074745e-01 3.624433961257709510e-05 2.672395660848656833e-05
9.999999990040805420e-01 3.626240990779900779e-05 2.601687244919419776e-05
9.999999990215892032e-01 3.631782318050019628e-05 2.525470820893173447e-05
9.999999990381197579e-01 3.639919076999151418e-05 2.447140448372855790e-05
9.999999990536575512e-01 3.648446214233966057e-05 2.369703058922976126e-05
9.999999990687457041e-01 3.654784696563238139e-05 2.295016672308280740e-05
9.999999990843396747e-01 3.656505894855014929e-05 2.223308170456649851e-05
9.999999991014628664e-01 3.651634186138289173e-05 2.153408505301896347e-05
9.999999991208468053e-01 3.638844582167769550e-05 2.083712933612744082e-05
9.999999991429613377e-01 3.617592738048995874e-05 2.013325997280745371e-05
9.999999991675404543e-01 3.588132045438250284e-05 1.942778328064990727e-05
9.999999991937734700e-01 3.551428844017009035e-05 1.874044105165435594e-05
9.999999992205526045e-01 3.508997414046550654e-05 1.809932595021393679e-05
9.999999992468397991e-01 3.462614315876942232e-05 1.753111842784271625e-05
9.999999992718976438e-01 3.413886531421760908e-05 1.705197101141939602e-05
9.999999992954202721e-01 3.363768174203977739e-05 1.666394948420024045e-05
9.999999993176036384e-01 3.312348188538033472e-05 1.635853385593003185e-05
9.999999993388322128e-01 3.259289019848017231e-05 1.612350057065557220e-05
9.999999993592471048e-01 3.204842437432591136e-05 1.594838427205500650e-05
9.999999993784342012e-01 3.150722461465879702e-05 1.582693908415667985e-05
9.999999993953584410e-01 3.100078284178513140e-05 1.575728867395112206e-05
9.999999994090449373e-01 3.056409546026568987e-05 1.573986491938879169e-05
9.999999994190237329e-01 3.021886315360126137e-05 1.577341366162919465e-05
9.999999994255670543e-01 2.995970297858341095e-05 1.585109971433753010e-05
9.999999994300158290e-01 2.975324632866977386e-05 1.595980633688384349e-05
9.999999994339582310e-01 2.955295740506273482e-05 1.608443197579997281e-05
9.999999994386911117e-01 2.932060884566790656e-05 1.621506450461924627e-05
9.999999994446838736e-01 2.903951390134350817e-05 1.635085589535388974e-05
9.999999994517709823e-01 2.871182653116746594e-05 1.649544332492904405e-05
9.999999994596947550e-01 2.834612907910306071e-05 1.664581100769232550e-05
9.999999994686066263e-01 2.794758931898818621e-05 1.678478160480165017e-05
9.999999994787839297e-01 2.751725908244760817e-05 1.688763087438506697e-05
9.999999994904098521e-01 2.705851142856046195e-05 1.694045978044066302e-05
9.999999995029379418e-01 2.658358440519538506e-05 1.695260985915907659e-05
9.999999995154766896e-01 2.611291505051147795e-05 1.694735741801069046e-05
9.999999995272415010e-01 2.566552884098287899e-05 1.693706260732216602e-05
9.999999995383846985e-01 2.524656439804048527e-05 1.690756203373797612e-05
9.999999995498540795e-01 2.484115490777727414e-05 1.682852080436283035e-05
9.999999995627293359e-01 2.442007169708309172e-05 1.667926307297023177e-05
9.999999995775323836e-01 2.395415996741271370e-05 1.646524579128422626e-05
9.999999995941308839e-01 2.342692443204385239e-05 1.621410943767999523e-05
9.999999996118837942e-01 2.283570271352372021e-05 1.596141435565544411e-05
9.999999996300510396e-01 2.218442915255227355e-05 1.573950035926879824e-05
9.999999996480509745e-01 2.148084791773563910e-05 1.557106942282886506e-05
9.999999996653121670e-01 2.074202771367934228e-05 1.546385230047790579e-05
9.999999996813302428e-01 1.999649607996747570e-05 1.540970780118943199e-05
9.999999996957950055e-01 1.927468427447080442e-05 1.539335390680636706e-05
9.999999997084582093e-01 1.859643537466152695e-05 1.540436731439017733e-05
9.999999997193710355e-01 1.796765520477409204e-05 1.543946906701696085e-05
9.999999997288219200e-01 1.738573787910123157e-05 1.549360366001384086e-05
9.999999997371480376e-01 1.684632418624030942e-05 1.555232092967569359e-05
9.999999997447901467e-01 1.634805749903142525e-05 1.559479673449663868e-05
9.999999997519550821e-01 1.589556338772619032e-05 1.560290738697189285e-05
9.999999997587173395e-01 1.549990828817282863e-05 1.556661892860039412e-05
9.999999997649965389e-01 1.517506899578735784e-05 1.548361852864394298e-05
9.999999997705905086e-01 1.493095102980926881e-05 1.535782896437193066e-05
9.999999997754444037e-01 1.476614424102312298e-05 1.519952164005322634e-05
9.999999997795242512e-01 1.466471778354725718e-05 1.502696330196818496e-05
9.999999997828884490e-01 1.459854508228021366e-05 1.486927212411010685e-05
9.999999997854205347e-01 1.453281602998119833e-05 1.476624041796541654e-05
9.999999997869810642e-01 1.443302362045389896e-05 1.475725791901656930e-05
9.999999997877374591e-01 1.427393874713338131e-05 1.485943444942696761e-05
9.999999997881052760e-01 1.404839634669656699e-05 1.504914023676611112e-05
9.999999997887168979e-01 1.376935270925910750e-05 1.526267648741979667e-05
9.999999997905911764e-01 1.346056376481777111e-05 1.541747447149377661e-05
9.999999997945163699e-01 1.314022949546556398e-05 1.544201426520808645e-05
9.999999998009311275e-01 1.280974360281009884e-05 1.529974622292738036e-05
9.999999998099637910e-01 1.245683233140388518e-05 1.499607865022271941e-05
9.999999998210300500e-01 1.206981409660764231e-05 1.456694079235209210e-05
9.999999998333365392e-01 1.165042297418133365e-05 1.405699575794289506e-05
9.999999998459855322e-01 1.121157816674387465e-05 1.350292165856694576e-05
9.999999998584953032e-01 1.076226653061384964e-05 1.292949807648386318e-05
9.999999998706849968e-01 1.029510519104565655e-05 1.235568129057683179e-05
9.999999998824360414e-01 9.790140088589111651e-06 1.180100802344604432e-05
9.999999998937202372e-01 9.231086251556669850e-06 1.128560176318673830e-05
9.999999999042714638e-01 8.619367172920348665e-06 1.082527222301909050e-05
9.999999999138274864e-01 7.977679612295263006e-06 1.042751393456568296e-05
9.999999999221160785e-01 7.345553867595426965e-06 1.009137089616835875e-05
9.999999999289440611e-01 6.772125968399152522e-06 9.808807250110190352e-06
9.999999999343389678e-01 6.307805100625358768e-06 9.564052558575344274e-06
9.999999999384893146e-01 5.993150563360563277e-06 9.330944453594367354e-06
9.999999999417761298e-01 5.843671805474006154e-06 9.071270484317339147e-06
9.999999999447858334e-01 5.834483948679996785e-06 8.737799871211430084e-06
9.999999999483126789e-01 5.896161131505851581e-06 8.284949941623920102e-06
9.999999999528746963e-01 5.932505495358956131e-06 7.684974967406029946e-06
9.999999999587939614e-01 5.855968211280498681e-06 6.938554342448290193e-06
9.999999999657792626e-01 5.620936021853920971e-06 6.067199712762455781e-06
9.999999999934982009e-01 5.238315156808061619e-06 5.094190457318446140e-06
9.999999999944131357e-01 4.746446546269840198e-06 4.204401431677304205e-06
9.999999999900552883e-01 4.226559857365168477e-06 3.372924912120666706e-06
9.999999999926141303e-01 3.716317382152449467e-06 2.612386982282681754e-06
9.999999999946086460e-01 3.234832050473595961e-06 1.937522192055005590e-06
9.999999999973649967e-01 2.791864505351136870e-06 1.356563726692534120e-06
9.999999999969100273e-01 2.391473806659385029e-06 8.715005215777631048e-07
1.000000000004270584e+00 2.034097110361851239e-06 4.795991924591504751e-07
1.000000000001279643e+00 1.717924636297455209e-06 1.748662965534060254e-07
9.999999999994124700e-01 1.439828929996584425e-06 -5.073006021829108189e-08
1.000000000000070166e+00 1.195982951593548760e-06 -2.062985373944637741e-07
1.000000000003034684e+00 9.822571373822849740e-07 -3.013118659731234680e-07
1.000000000001521894e+00 7.944605536772712682e-07 -3.451180130157835073e-07
1.000000000001383116e+00 6.284744582703774568e-07 -3.466411872818916684e-07
1.000000000004315659e+00 4.803142638347742066e-07 -3.142349364850177233e-07
1.000000000000953682e+00 3.461478912625553705e-07 -2.556517991592292808e-07
1.000000000006048273e+00 2.223158552445558493e-07 -1.781187263183716471e-07
1.000000000009941825e+00 1.057429248013477867e-07 -8.880244857996113020e-08
1.000000000000000000e+00 0.000000000000000000e+00 0.000000000000000000e+00
1.000000000000000000e+00 0.000000000000000000e+00 0.000000000000000000e+00
