-1.000000000000000000e+00 0.000000000000000000e+00 0.000000000000000000e+00
-1.000000000000000000e+00 0.000000000000000000e+00 0.000000000000000000e+00
-1.000000000001058043e+00 -3.605585733951222408e-07 -3.304326563849687200e-08
-1.000000000000141887e+00 -7.425563625179076928e-07 -6.518375279737972725e-08
-9.999999999998369082e-01 -1.117340058511575842e-06 -9.092748953489201983e-08
-1.000000000000290434e+00 -1.478717551946346666e-06 -1.071872797193571550e-07
-9.999999999991678878e-01 -1.822382732645606767e-06 -1.116334187516519274e-07
-1.000000000001150413e+00 -2.144511655545974567e-06 -1.027972898389113109e-07
-1.000000000000902611e+00 -2.441719200191227044e-06 -8.030463230471927420e-08
-9.999999999997098987e-01 -2.711097814497077138e-06 -4.510149542663527901e-08
-1.000000000000385247e+00 -2.950247865358671048e-06 3.731129534025859186e-10
-9.999999999959153785e-01 -3.157295765017087221e-06 5.212340365749385606e-08
-9.999999999993061106e-01 -3.330901514374886130e-06 1.047119120998498485e-07
-1.000000000001305178e+00 -3.470252551152028840e-06 1.516315256329664017e-07
-9.999999999957018826e-01 -3.575028661756605581e-06 1.860062400712195379e-07
-9.999999999958990582e-01 -3.645302648682430657e-06 2.016646452698913344e-07
-9.999999999945369256e-01 -3.681318805744311718e-06 1.945788817650481286e-07
-9.999999999959652275e-01 -3.683104200994912970e-06 1.646335738573994691e-07
-1.000000000001876277e+00 -3.650147587133070504e-06 1.180411746039887020e-07
-1.000000000004613643e+00 -3.582989714713108991e-06 7.310636613287154099e-08
-9.999999999939062079e-01 -3.491531122331980983e-06 7.484890671410780270e-08
-9.999999999944244600e-01 -3.342417431913248676e-06 7.189114680697064984e-08
-9.999999999951708629e-01 -3.109169941344595382e-06 8.178368263694996710e-08
-9.999999999961495245e-01 -2.766290415843596270e-06 1.101091314870880389e-07
-9.999999999973709919e-01 -2.300871844211213808e-06 1.635073362897848580e-07
-9.999999999985266230e-01 -1.725934537237371551e-06 2.549137637421521525e-07
-9.999999999993373079e-01 -1.083863056175527184e-06 4.026606716780043786e-07
-9.999999999997272182e-01 -4.347958753074099826e-07 6.217497949078172088e-07
-9.999999999995653477e-01 1.650307069674327344e-07 9.128647715611986932e-07
-9.999999999989497290e-01 6.838141352414249814e-07 1.260095214199309622e-06
-9.999999999979777288e-01 1.122447357751056058e-06 1.639355802615138516e-06
-9.999999999968128828e-01 1.505421618926110126e-06 2.028423452527922472e-06
-9.999999999953770313e-01 1.860495967903171854e-06 2.411633098248227152e-06
-9.999999999937011497e-01 2.202381638492694890e-06 2.780893219518952939e-06
-9.999999999918711691e-01 2.532795639612703484e-06 3.135695822709846418e-06
-9.999999999898649961e-01 2.853603555267913518e-06 3.480316791792555578e-06
-9.999999999876795220e-01 3.175531360484085435e-06 3.817313147513936614e-06
-9.999999999852453580e-01 3.509508623713189531e-06 4.143177455116471741e-06
-9.999999999826557628e-01 3.850824279011885697e-06 4.453987999903242294e-06
-9.999999999799248362e-01 4.179490545718162255e-06 4.758031081101593556e-06
-9.999999999770465831e-01 4.480488676338192015e-06 5.080370710685262722e-06
-9.999999999737883005e-01 4.759718578103216666e-06 5.451824706296701760e-06
-9.999999999699716868e-01 5.035131448745426284e-06 5.890929624967956743e-06
-9.999999999654005656e-01 5.315681771497912048e-06 6.400430978896181280e-06
-9.999999999600356348e-01 5.594374636303155701e-06 6.976106248526394354e-06
-9.999999999537986239e-01 5.862640029427706572e-06 7.616749065352914436e-06
-9.999999999465893907e-01 6.127428668553051742e-06 8.324819917837050285e-06
-9.999999999380960736e-01 6.410505957087257290e-06 9.098636040108707242e-06
-9.999999999280685392e-01 6.732279100653524777e-06 9.926340190760845266e-06
-9.999999999166260256e-01 7.099885501451180797e-06 1.078819896177971357e-05
-9.999999999037969545e-01 7.510021896813080379e-06 1.166304961792262795e-05
-9.999999998897893816e-01 7.957495654188904603e-06 1.253287877455992200e-05
-9.999999998748229091e-01 8.437424674852367804e-06 1.338589152486748306e-05
-9.999999998589688133e-01 8.941002292678026879e-06 1.421863439296565816e-05
-9.999999998423149128e-01 9.452480662289753952e-06 1.503312728275877188e-05
-9.999999998252157019e-01 9.951650053770215448e-06 1.582797099165489477e-05
-9.999999998080658647e-01 1.042056460778119462e-05 1.659201836698203777e-05
-9.999999997912966121e-01 1.085207267013490609e-05 1.730949623338159536e-05
-9.999999997751557457e-01 1.125680314509837888e-05 1.797207714291143004e-05
-9.999999997592964318e-01 1.166380953979535379e-05 1.858367032415042964e-05
-9.999999997432241772e-01 1.211308661119042904e-05 1.915222198274990590e-05
-9.999999997264453766e-01 1.264364546475753049e-05 1.967877753614905598e-05
-9.999999997086396197e-01 1.328296727839745901e-05 2.015659730115884886e-05
-9.999999996896609122e-01 1.404173594404597579e-05 2.057972807938083997e-05
-9.999999996693248461e-01 1.491315053740818627e-05 2.095018896365333648e-05
-9.999999996476470754e-01 1.587398365773310562e-05 2.127809347374455464e-05
-9.999999996246149436e-01 1.688716816954021296e-05 2.157838326283448627e-05
-9.999999996005431990e-01 1.790747510965540730e-05 2.186769615031680777e-05
-9.999999995760561200e-01 1.888969677363892691e-05 2.215991405028238569e-05
-9.999999995518062956e-01 1.979756808483910539e-05 2.245980704522281172e-05
-9.999999995285432375e-01 2.061233993800951623e-05 2.275912125793522840e-05
-9.999999995069206449e-01 2.133861336786409306e-05 2.303957077934852993e-05
-9.999999994869070985e-01 2.200312834429302744e-05 2.328156456118680092e-05
-9.999999994681357807e-01 2.264463990499922689e-05 2.347258928454956095e-05
-9.999999994498830480e-01 2.329835871789083011e-05 2.361017130784863290e-05
-9.999999994316376428e-01 2.398151622951672415e-05 2.369958626251439675e-05
-9.999999994132569014e-01 2.468579863832447754e-05 2.375017509438079861e-05
-9.999999993953185840e-01 2.538042759362056658e-05 2.377345368462377160e-05
-9.999999993785316788e-01 2.602569577773929284e-05 2.378249861595576519e-05
-9.999999993634858253e-01 2.659065092972662508e-05 2.378962240157606742e-05
-9.999999993504308238e-01 2.706626802678772307e-05 2.380210652991031711e-05
-9.999999993389876440e-01 2.746958575879927784e-05 2.382109136173007208e-05
-9.999999993281167843e-01 2.783888334408690993e-05 2.384721908047518030e-05
-9.999999993164523371e-01 2.822145866184712929e-05 2.388780611275845400e-05
-9.999999993024049072e-01 2.865749604562844213e-05 2.395706306674970991e-05
-9.999999992850192587e-01 2.916596872661707048e-05 2.406859747242872020e-05
-9.999999992643603397e-01 2.973752572085546644e-05 2.422717157962052387e-05
-9.999999992415753436e-01 3.033671217696628388e-05 2.442534717036585085e-05
-9.999999992184879227e-01 3.091436409246447282e-05 2.464434827859033760e-05
-9.999999991972201574e-01 3.142739832162664784e-05 2.485689461434601309e-05
-9.999999991792113407e-01 3.185739184133345195e-05 2.503328666816632256e-05
-9.999999991646973951e-01 3.221826025220678419e-05 2.515120946260040541e-05
-9.999999991526490328e-01 3.254878473941255818e-05 2.520404207532270246e-05
-9.999999991414273426e-01 3.289390133277919707e-05 2.520305189613911853e-05
-9.999999991292159995e-01 3.328436196747915126e-05 2.517490866619166072e-05
-9.999999991148934564e-01 3.372432970569771169e-05 2.515673574276014040e-05
-9.999999990982351150e-01 3.419222575219262251e-05 2.518760372019010637e-05
-9.999999990795752636e-01 3.465434883609557929e-05 2.529678342897317332e-05
-9.999999990596363242e-01 3.508343316716740077e-05 2.549268099618249916e-05
-9.999999990392175464e-01 3.546981423131757139e-05 2.575664354873607927e-05
-9.999999990193109145e-01 3.581905286996243341e-05 2.604570283266278511e-05
-9.999999990008532347e-01 3.614234229359480216e-05 2.630744765844877646e-05
-9.999999989845193005e-01 3.645005388662528990e-05 2.650225186191131608e-05
-9.999999989704141390e-01 3.675073792320761789e-05 2.661898624582455564e-05
-9.999999989578940429e-01 3.705034705147915435e-05 2.667418120347373709e-05
-9.999999989461153538e-01 3.734846627486506818e-05 2.669880729965812722e-05
-9.999999989347440055e-01 3.763494720230264168e-05 2.672344959468466428e-05
-9.999999989238786968e-01 3.789203751503487038e-05 2.676652900184748520e-05
-9.999999989143317780e-01 3.810240238300993687e-05 2.682477207614280144e-05
-9.999999989072136941e-01 3.825732574136812023e-05 2.686849040750809774e-05
-9.999999989038531600e-01 3.835877599976122862e-05 2.684849216862282000e-05
-9.999999989052205107e-01 3.841522213635439274e-05 2.671668423689892085e-05
-9.999999989114539689e-01 3.843750929963990118e-05 2.645086203884197364e-05
-9.999999989214272134e-01 3.843990173894754563e-05 2.606754956173422381e-05
-9.999999989329912964e-01 3.844407891369040824e-05 2.561346301539798166e-05
-9.999999989436180181e-01 3.847957305974731494e-05 2.514119159092942653e-05
-9.999999989512288190e-01 3.857760777217724460e-05 2.468474160975358045e-05
-9.999999989547857515e-01 3.876133101698918631e-05 2.424873252245186121e-05
-9.999999989544341439e-01 3.903862726215596171e-05 2.381437559953180234e-05
-9.999999989509948950e-01 3.940260803158250743e-05 2.335466285266980709e-05
-9.999999989454017024e-01 3.983946794691144036e-05 2.284834571847237618e-05
-9.999999989380891074e-01 4.033696057406928955e-05 2.228743327539279962e-05
-9.999999989291097346e-01 4.088690863126885280e-05 2.167970245190754480e-05
-9.999999989180627935e-01 4.148248607189193127e-05 2.104872098175538604e-05
-9.999999989044238147e-01 4.211617667730892651e-05 2.042876336548846099e-05
-9.999999988878568447e-01 4.278079490745420518e-05 1.985112768489099441e-05
-9.999999988684368235e-01 4.346930911515585575e-05 1.932827620286747434e-05
-9.999999988468505352e-01 4.416969213667202855e-05 1.885012878442785537e-05
-9.999999988246268678e-01 4.485881461603534280e-05 1.839828791258530896e-05
-9.999999988033431153e-01 4.550440396935080586e-05 1.796646856427539641e-05
-9.999999987840594295e-01 4.607882027283316604e-05 1.756907053325029887e-05
-9.999999987668445334e-01 4.657679434230682517e-05 1.723076684331956303e-05
-9.999999987505200361e-01 4.702251922444159073e-05 1.696646714057702417e-05
-9.999999987332663931e-01 4.745809657095590860e-05 1.676822297085952152e-05
-9.999999987138357138e-01 4.792127037449504085e-05 1.660888358305358053e-05
-9.999999986919005934e-01 4.842794851786598513e-05 1.645808093296838301e-05
-9.999999986683475450e-01 4.896655257048089304e-05 1.629683465260239151e-05
-9.999999986448804279e-01 4.950130989579852917e-05 1.612032404034727378e-05
-9.999999986239458405e-01 4.998285348626852690e-05 1.593049175717016960e-05
-9.999999986078611514e-01 5.036689956303436487e-05 1.572824731693115829e-05
-9.999999985978075268e-01 5.063381667128084103e-05 1.551236718216761224e-05
-9.999999985931327107e-01 5.079508054267856912e-05 1.528384241806489757e-05
-9.999999985922809476e-01 5.088166375559751922e-05 1.504844227992970288e-05
-9.999999985936414149e-01 5.092450749981635030e-05 1.481240918878569561e-05
-9.999999985963211602e-01 5.094023550195900192e-05 1.457572979029986567e-05
-9.999999986005233543e-01 5.092689383425846671e-05 1.433126423916035508e-05
-9.999999986072558578e-01 5.086771312067871160e-05 1.407002653262765488e-05
-9.999999986177271483e-01 5.073981124598396682e-05 1.378628347571865909e-05
-9.999999986328005352e-01 5.052469971886334186e-05 1.347824701557650667e-05
-9.999999986527431384e-01 5.021655212096990989e-05 1.314408536528513440e-05
-9.999999986771599403e-01 4.982406117862428274e-05 1.277696835626511264e-05
-9.999999987050878225e-01 4.936432965558207835e-05 1.236727718037452575e-05
-9.999999987356830156e-01 4.885329339468153696e-05 1.191593538833875448e-05
-9.999999987679494273e-01 4.830112814369064275e-05 1.144834032589724061e-05
-9.999999988009706797e-01 4.771619005565699839e-05 1.101160310545828494e-05
-9.999999988335407375e-01 4.711082342650311778e-05 1.065158689334784128e-05
-9.999999988649131977e-01 4.650014262763351824e-05 1.038638965673608683e-05
-9.999999988948630181e-01 4.589398583801696289e-05 1.019698252878572310e-05
-9.999999989239858333e-01 4.529008446852767384e-05 1.004157796794419772e-05
-9.999999989532828426e-01 4.467390473926123563e-05 9.882578674861038190e-06
-9.999999989838684877e-01 4.402303115066220430e-05 9.707112363552693917e-06
-9.999999990166591468e-01 4.331120623498007472e-05 9.528750945019499939e-06
-9.999999990525146876e-01 4.251104303851102145e-05 9.373380989531415213e-06
-9.999999990918914117e-01 4.159890145452612808e-05 9.262381432157853927e-06
-9.999999991349732831e-01 4.056401536947042607e-05 9.202226981354448668e-06
-9.999999991810394340e-01 3.941689766002065987e-05 9.180456063101353413e-06
-9.999999992287815775e-01 3.818913597972669515e-05 9.166945628332855343e-06
-9.999999992766791523e-01 3.692412538396856915e-05 9.123065066560450429e-06
-9.999999993232477902e-01 3.566627524847442419e-05 9.018398517188010334e-06
-9.999999993673623910e-01 3.445295035013848394e-05 8.846024221041625074e-06
-9.999999994081337773e-01 3.330636297471551994e-05 8.625069148415273268e-06
-9.999999994455891494e-01 3.222548189507664897e-05 8.388449417460416642e-06
-9.999999994803920877e-01 3.118633950391404568e-05 8.164937115703479092e-06
-9.999999995135149256e-01 3.015688127486863959e-05 7.967489723100705062e-06
-9.999999995457113933e-01 2.911809661666849063e-05 7.793340410809752739e-06
-9.999999995768121819e-01 2.807392676226975388e-05 7.631503141536767290e-06
-9.999999996065016550e-01 2.704190494833102722e-05 7.468968066452063148e-06
-9.999999996344891562e-01 2.603494972120201970e-05 7.292090706321549785e-06
-9.999999996611260711e-01 2.505085579788309940e-05 7.087706263166128870e-06
-9.999999996867332541e-01 2.407484077614228796e-05 6.849112629726659572e-06
-9.999999997117761108e-01 2.308838546145015267e-05 6.584670701006468104e-06
-9.999999997363141491e-01 2.207676656268879676e-05 6.320372706900907172e-06
-9.999999997602605495e-01 2.103343426260031264e-05 6.089569623596716635e-06
-9.999999997832665910e-01 1.996269004593312674e-05 5.911724310210897615e-06
-9.999999998050986827e-01 1.888097640230348756e-05 5.772640931213303162e-06
-9.999999998254929245e-01 1.781467997379663191e-05 5.624081155595777994e-06
-9.999999998443566129e-01 1.679286834533427438e-05 5.410202474630701335e-06
-9.999999998615795027e-01 1.583771000227537429e-05 5.103897902216537801e-06
-9.999999998769999454e-01 1.495799106050151376e-05 4.723664716678563701e-06
-9.999999998906067278e-01 1.414725286080348502e-05 4.318212579897450470e-06
-9.999999999026916164e-01 1.338376923602106262e-05 3.933358636853406645e-06
-9.999999999137958451e-01 1.263227419152792708e-05 3.586017400683023722e-06
-9.999999999244667537e-01 1.185185570557784304e-05 3.259530681669083713e-06
-9.999999999351216751e-01 1.101140877983714714e-05 2.917928895481148111e-06
-9.999999999457311883e-01 1.010563178995873402e-05 2.525809816399679330e-06
-9.999999999559529007e-01 9.160328188866218629e-06 2.060093652047176167e-06
-9.999999999650557303e-01 8.220722753413750789e-06 1.510349174588511546e-06
-9.999999999727786637e-01 7.327741212108350071e-06 8.764355093765123319e-07
-9.999999999788626859e-01 6.496378990895228683e-06 1.708704277883300249e-07
-9.999999999835368358e-01 5.710175032676026353e-06 -5.787945038281458457e-07
-9.999999999869411127e-01 4.935281756780561497e-06 -1.337250941101250201e-06
-9.999999999892672520e-01 4.142985284653496462e-06 -2.078075802886502726e-06
-9.999999999905573311e-01 3.323684386142403122e-06 -2.796928913954379993e-06
-9.999999999907470682e-01 2.485159816321741515e-06 -3.509426753388807790e-06
-9.999999999896806990e-01 1.642766407565045702e-06 -4.236598726126734819e-06
-9.999999999871774792e-01 8.132651120058746825e-07 -4.991363555486946761e-06
-9.999999999833338871e-01 1.602120157315185118e-08 -5.773007584826861725e-06
-9.999999999781754578e-01 -7.246947995423932107e-07 -6.565774506175073607e-06
-9.999999999721145283e-01 -1.384971967498645260e-06 -7.339737585300253353e-06
-9.999999999656263849e-01 -1.955513436006689220e-06 -8.058983147965883745e-06
-9.999999999591598909e-01 -2.456323486354870760e-06 -8.697375520374851120e-06
-9.999999999529179950e-01 -2.938545571067266420e-06 -9.250857895724823101e-06
-9.999999999466059331e-01 -3.465759713328640099e-06 -9.735249194135821654e-06
-9.999999999399400430e-01 -4.082607694242827247e-06 -1.017227935840388890e-05
-9.999999999325562827e-01 -4.791936528546747239e-06 -1.057752444721450962e-05
-9.999999999245117177e-01 -5.557731376596361652e-06 -1.095898737421551458e-05
-9.999999999158872832e-01 -6.330041065852872129e-06 -1.132173514906220428e-05
-9.999999999069230094e-01 -7.070230142197849904e-06 -1.166957491419042518e-05
-9.999999998978778004e-01 -7.760387319072553148e-06 -1.200285465158592300e-05
-9.999999998888607911e-01 -8.400831431182474913e-06 -1.231771421472598000e-05
-9.999999998799581347e-01 -9.006450680162112686e-06 -1.260797227837889462e-05
-9.999999998711252003e-01 -9.601559880848897107e-06 -1.286593212906888570e-05
-9.999999998623141373e-01 -1.020794625368601377e-05 -1.308211073973807461e-05
-9.999999998535507029e-01 -1.083187989218236949e-05 -1.324851646492595343e-05
-9.999999998449634608e-01 -1.146311642048690868e-05 -1.336645290051890052e-05
-9.999999998365034504e-01 -1.208813025985840617e-05 -1.345288523479309642e-05
-9.999999998276434265e-01 -1.270534024861276018e-05 -1.353918158555422754e-05
-9.999999998178266125e-01 -1.333007735521936352e-05 -1.366183887599389733e-05
-9.999999998062779616e-01 -1.398773792744112880e-05 -1.384947963402085368e-05
-9.999999997923784134e-01 -1.470118588475201702e-05 -1.411152857795626051e-05
-9.999999997760107284e-01 -1.547952702424824627e-05 -1.443355172636992531e-05
-9.999999997576486388e-01 -1.631392238986534537e-05 -1.478305346886895262e-05
-9.999999997379802608e-01 -1.718339994002448590e-05 -1.512582889592778524e-05
-9.999999997174846555e-01 -1.806734002818515520e-05 -1.544567266213585341e-05
-9.999999996962172233e-01 -1.895394994628005412e-05 -1.575488547505671358e-05
-9.999999996738331287e-01 -1.983611242009948938e-05 -1.608709942392196298e-05
-9.999999996500259503e-01 -2.069930235688702120e-05 -1.647562061784210152e-05
-9.999999996252116885e-01 -2.151567680868091394e-05 -1.693121089653182353e-05
-9.999999996004323988e-01 -2.225230624792603218e-05 -1.743440122775129938e-05
-9.999999995770356698e-01 -2.288784994278231938e-05 -1.794686561423235559e-05
-9.999999995557403709e-01 -2.342570322731522329e-05 -1.843271072362701420e-05
-9.999999995363748617e-01 -2.389594375731307651e-05 -1.887459989935360433e-05
-9.999999995179112977e-01 -2.434508844460474348e-05 -1.927518668397896234e-05
-9.999999994990680374e-01 -2.481774992333196951e-05 -1.964650351396190014e-05
-9.999999994789806612e-01 -2.533881379271316238e-05 -1.999915209450598525e-05
-9.999999994575472506e-01 -2.590547474336614010e-05 -2.034170761716378185e-05
-9.999999994350950994e-01 -2.649179859498496206e-05 -2.068839317869280224e-05
-9.999999994120709612e-01 -2.706001316054095377e-05 -2.106121771227179501e-05
-9.999999993892584316e-01 -2.757222481605136436e-05 -2.147731342494722483e-05
-9.999999993674497656e-01 -2.800185542703630270e-05 -2.193138591503075707e-05
-9.999999993475812143e-01 -2.834385219226144266e-05 -2.239326694971340655e-05
-9.999999993300253687e-01 -2.861680167545766843e-05 -2.282666802044330481e-05
-9.999999993143827703e-01 -2.885126002206630261e-05 -2.321244905079100483e-05
-9.999999993000781018e-01 -2.906882133135152611e-05 -2.355491137790225576e-05
-9.999999992868748855e-01 -2.926576947621141185e-05 -2.386869698973112056e-05
-9.999999992754305955e-01 -2.941545875397861743e-05 -2.416351354104726769e-05
-9.999999992664245774e-01 -2.949119218008808277e-05 -2.444135151707052956e-05
-9.999999992599672982e-01 -2.949205395784920033e-05 -2.470339063514306863e-05
-9.999999992550289152e-01 -2.944847647046584162e-05 -2.495519475371053134e-05
-9.999999992500357981e-01 -2.940391760939861418e-05 -2.520553506670160867e-05
-9.999999992438606267e-01 -2.939267738011347312e-05 -2.546240671041733941e-05
-9.999999992358536982e-01 -2.943273894057555007e-05 -2.572998673308466537e-05
-9.999999992257215808e-01 -2.953270997625377355e-05 -2.600705427052057959e-05
-9.999999992134570581e-01 -2.970027698799988566e-05 -2.628674506808675803e-05
-9.999999991990102810e-01 -2.994363800965817767e-05 -2.655825108413603213e-05
-9.999999991826011847e-01 -3.026571645317627861e-05 -2.681012635335109723e-05
-9.999999991646688624e-01 -3.065656353631587762e-05 -2.703457796657885830e-05
-9.999999991459097570e-01 -3.109077688808283869e-05 -2.723287098884149163e-05
-9.999999991269380439e-01 -3.153336085371870968e-05 -2.741920364584743145e-05
-9.999999991082220152e-01 -3.195099474308093362e-05 -2.761668095867227731e-05
-9.999999990900064750e-01 -3.232239439908031611e-05 -2.784348677276168017e-05
-9.999999990724429688e-01 -3.264308734574582205e-05 -2.809843440892831473e-05
-9.999999990559254037e-01 -3.292348933979592757e-05 -2.835866974497788302e-05
-9.999999990406933659e-01 -3.318241757754603624e-05 -2.859277471657861185e-05
-9.999999990267554040e-01 -3.343945863158637904e-05 -2.877950713362953760e-05
-9.999999990137378170e-01 -3.370828631757483623e-05 -2.891823370714681192e-05
-9.999999990010097761e-01 -3.399299110312178901e-05 -2.902477885437584892e-05
-9.999999989881289686e-01 -3.429018359539772669e-05 -2.911892744605633259e-05
-9.999999989748042939e-01 -3.459572589597048571e-05 -2.921436953736097930e-05
-9.999999989610109941e-01 -3.490814489404044243e-05 -2.931480304269648885e-05
-9.999999989470985673e-01 -3.522260691057367294e-05 -2.941243578908243488e-05
-9.999999989343137941e-01 -3.552174480189550622e-05 -2.948760403715613664e-05
-9.999999989244677812e-01 -3.577625533840310168e-05 -2.951418130682570550e-05
-9.999999989191953320e-01 -3.595829833648301038e-05 -2.947234898279458201e-05
-9.999999989189256588e-01 -3.605723497161385244e-05 -2.936054083549568489e-05
-9.999999989227267294e-01 -3.608563554061055352e-05 -2.919607935257435645e-05
-9.999999989288328450e-01 -3.607221113724995269e-05 -2.900266953815399523e-05
-9.999999989358048236e-01 -3.604667390889335695e-05 -2.879305094979734973e-05
-9.999999989433184799e-01 -3.602510192741061864e-05 -2.855818370181998768e-05
-9.999999989522839750e-01 -3.600413084622442226e-05 -2.826970244824334423e-05
-9.999999989640797615e-01 -3.596818437480799497e-05 -2.789430482270336835e-05
-9.999999989796961586e-01 -3.590556784488582070e-05 -2.741212662618195995e-05
-9.999999989985267623e-01 -3.582175950038325431e-05 -2.682845949960947538e-05
-9.999999990188337406e-01 -3.573983293795568689e-05 -2.617201814371646510e-05
-9.999999990384991211e-01 -3.568843706083535291e-05 -2.548197693268908153e-05
-9.999999990558843255e-01 -3.568702933672475311e-05 -2.479229445138674771e-05
-9.999999990705097375e-01 -3.573708297769011500e-05 -2.412105269458020729e-05
-9.999999990830715779e-01 -3.582096666068296980e-05 -2.346788549061089023e-05
-9.999999990949959283e-01 -3.590689359884095117e-05 -2.281913522335349666e-05
-9.999999991079985273e-01 -3.595840742306657408e-05 -2.215826807677553057e-05
-9.999999991233796681e-01 -3.594435510034553130e-05 -2.147595492436204416e-05
-9.999999991418033751e-01 -3.584400920229303223e-05 -2.077414339856538259e-05
-9.999999991633228280e-01 -3.564774437064886607e-05 -2.006412742759365698e-05
-9.999999991874518601e-01 -3.535871768785477256e-05 -1.936263818102745512e-05
-9.999999992130461646e-01 -3.499578411363269282e-05 -1.868803469417181927e-05
-9.999999992387135217e-01 -3.459045968565877948e-05 -1.805623806888773165e-05
-9.999999992633015200e-01 -3.417456374907015999e-05 -1.747772358384065740e-05
-9.999999992861533515e-01 -3.376585979740444245e-05 -1.695849128474557075e-05
-9.999999993072777871e-01 -3.336248035876098416e-05 -1.650474504930963794e-05
-9.999999993271075915e-01 -3.294969248598696149e-05 -1.612650103649325401e-05
-9.999999993460485515e-01 -3.251327650827285384e-05 -1.583615718632755824e-05
-9.999999993639986373e-01 -3.205094021245900865e-05 -1.564313926936140633e-05
-9.999999993805568366e-01 -3.157709600331695595e-05 -1.554877561897269830e-05
-9.999999993949384436e-01 -3.112045008454510743e-05 -1.554437491242791113e-05
-9.999999994064255882e-01 -3.071442003060206026e-05 -1.561287578536739269e-05
-9.999999994147282800e-01 -3.038168318584503002e-05 -1.573245172262024806e-05
-9.999999994202960485e-01 -3.012056911643008888e-05 -1.588007473919753122e-05
-9.999999994243079504e-01 -2.990438582534325594e-05 -1.603500536293677394e-05
-9.999999994281437710e-01 -2.969560512357431880e-05 -1.618390866189089924e-05
-9.999999994326964625e-01 -2.946287477488357287e-05 -1.632630187672194598e-05
-9.999999994383194091e-01 -2.918731504793203789e-05 -1.647393367201957081e-05
-9.999999994451669316e-01 -2.885774271060329667e-05 -1.663904102840853630e-05
-9.999999994534390924e-01 -2.846627396918836446e-05 -1.681695465587499820e-05
-9.999999994635212497e-01 -2.801209853581688804e-05 -1.697862876272248299e-05
-9.999999994757177157e-01 -2.750801072463014956e-05 -1.708404162778876190e-05
-9.999999994897054156e-01 -2.697955471573520273e-05 -1.710861938062547579e-05
-9.999999995045160128e-01 -2.645561241435699892e-05 -1.706078555789858613e-05
-9.999999995190206326e-01 -2.595745667566391770e-05 -1.697548723134192464e-05
-9.999999995324466706e-01 -2.549173707658730262e-05 -1.688974031969964464e-05
-9.999999995448085599e-01 -2.504853641470398447e-05 -1.682084049468622426e-05
-9.999999995568193967e-01 -2.460486608813105327e-05 -1.676236109461396709e-05
-9.999999995694126564e-01 -2.413420784358929000e-05 -1.669544116318717373e-05
-9.999999995832417055e-01 -2.361933963782887326e-05 -1.660320650978088763e-05
-9.999999995983512857e-01 -2.305961076408014364e-05 -1.648059824677936011e-05
-9.999999996142117098e-01 -2.246494931088695635e-05 -1.633752209609820624e-05
-9.999999996303220451e-01 -2.184228926158847273e-05 -1.619371274913609452e-05
-9.999999996463698748e-01 -2.119043825848187544e-05 -1.606693471499680425e-05
-9.999999996622426224e-01 -2.050960650796614028e-05 -1.596327132264606851e-05
-9.999999996776626210e-01 -1.981295616146462339e-05 -1.587845100883923923e-05
-9.999999996921422607e-01 -1.912541095188214702e-05 -1.580832835182611118e-05
-9.999999997052638756e-01 -1.847161635442435686e-05 -1.575614902822023808e-05
-9.999999997166996168e-01 -1.786599894915164857e-05 -1.572790400030121838e-05
-9.999999997265648366e-01 -1.731162833117079228e-05 -1.572118786004928455e-05
-9.999999997352335690e-01 -1.680550265827808471e-05 -1.572035408053403961e-05
-9.999999997431321397e-01 -1.634608940206851095e-05 -1.570375170118806961e-05
-9.999999997504351867e-01 -1.593887200459130572e-05 -1.565676218552921952e-05
-9.999999997570028221e-01 -1.559575639539706378e-05 -1.557962584985684407e-05
-9.999999997626317638e-01 -1.532780084807543731e-05 -1.548442321736522893e-05
-9.999999997671371599e-01 -1.513609060211134779e-05 -1.538479366492710420e-05
-9.999999997705373289e-01 -1.500774028953180057e-05 -1.528737832440339530e-05
-9.999999997732945678e-01 -1.492056391550899946e-05 -1.519283302518581985e-05
-9.999999997756160441e-01 -1.485180164527398867e-05 -1.510675734076965033e-05
-9.999999997775051996e-01 -1.478126893860573107e-05 -1.505042789222504807e-05
-9.999999997788013850e-01 -1.468633157997652204e-05 -1.505656620341314740e-05
-9.999999997795931961e-01 -1.453895959432584152e-05 -1.514610148732041109e-05
-9.999999997804979168e-01 -1.431495198060361265e-05 -1.530260635687066560e-05
-9.999999997822422992e-01 -1.400963049942007103e-05 -1.546836023782619050e-05
-9.999999997857716982e-01 -1.364238468025336401e-05 -1.556765628621583763e-05
-9.999999997916183547e-01 -1.324198042654741998e-05 -1.553881052667131898e-05
-9.999999997998633150e-01 -1.282640187058417060e-05 -1.535340815902521436e-05
-9.999999998103560328e-01 -1.239765280037256892e-05 -1.501746090347122216e-05
-9.999999998225158615e-01 -1.195395152762306754e-05 -1.456149510862708717e-05
-9.999999998355036945e-01 -1.150015868714478946e-05 -1.402580391578861260e-05
-9.999999998485538111e-01 -1.104595670577876353e-05 -1.344813623942803444e-05
-9.999999998611887042e-01 -1.059444257337829075e-05 -1.286014739183450828e-05
-9.999999998730654260e-01 -1.013656176705055048e-05 -1.229075449102694105e-05
-9.999999998841407889e-01 -9.657933261858614167e-06 -1.176667523790634409e-05
-9.999999998942147306e-01 -9.150496052737239233e-06 -1.130475302563736341e-05
-9.999999999034063780e-01 -8.619363786655291515e-06 -1.090246681692278916e-05
-9.999999999118185379e-01 -8.083778278831980942e-06 -1.053772776136059224e-05
-9.999999999194835176e-01 -7.574914546891891103e-06 -1.018068247291962763e-05
-9.999999999264774786e-01 -7.130118217588843800e-06 -9.808367188554013716e-06
-9.999999999326614208e-01 -6.783181191745737734e-06 -9.411838325329289394e-06
-9.999999999380813076e-01 -6.553870185508161110e-06 -8.993907784946988607e-06
-9.999999999426419928e-01 -6.439112784036747360e-06 -8.561034548874328826e-06
-9.999999999465857270e-01 -6.405839406003016015e-06 -8.112927225453303069e-06
-9.999999999504323167e-01 -6.390304514793777131e-06 -7.635330046540536955e-06
-9.999999999548800922e-01 -6.312853428144864008e-06 -7.102618852600601173e-06
-9.999999999602819933e-01 -6.106662342208285715e-06 -6.490110884158679774e-06
-9.999999999667027462e-01 -5.744848338625855116e-06 -5.791047459953879813e-06
-9.999999999855961885e-01 -5.258522133340039956e-06 -5.038814532228870555e-06
-9.999999999933777417e-01 -4.743872433928779110e-06 -4.196218045629906083e-06
-9.999999999908487647e-01 -4.218360854211075326e-06 -3.374266135204281590e-06
-9.999999999928067540e-01 -3.705871389084933515e-06 -2.616650784735948448e-06
-9.999999999943658402e-01 -3.223367665911382720e-06 -1.943054202700546402e-06
-1.000000000002586598e+00 -2.780174471132294594e-06 -1.362584276585518317e-06
-9.999999999994308997e-01 -2.380129245954723425e-06 -8.775326067421297966e-07
-9.999999999994103606e-01 -2.023491073782181879e-06 -4.853471478631300297e-07
-1.000000000000289546e+00 -1.708302845591578889e-06 -1.801572207645965448e-07
-1.000000000000193845e+00 -1.431320665894531443e-06 4.598653324238493663e-08
-9.999999999994125810e-01 -1.188630939671899186e-06 2.021393043773809435e-07
-1.000000000007059908e+00 -9.760446505853542184e-07 2.977412080120471437e-07
-1.000000000006740386e+00 -7.893345148730624328e-07 3.421222034296781550e-07
-1.000000000000000000e+00 -6.243639922063375857e-07 3.441983599220803325e-07
-1.000000000005109024e+00 -4.771447394520918000e-07 3.123214462990950475e-07
-1.000000000015116353e+00 -3.438509163647086563e-07 2.542460873667509033e-07
-1.000000000021125102e+00 -2.208357470343434423e-07 1.772033891237995929e-07
-1.000000000013929302e+00 -1.050377229136993782e-07 8.836344585803940729e-08
-1.000000000000000000e+00 0.000000000000000000e+00 0.000000000000000000e+00
-1.000000000000000000e+00 0.000000000000000000e+00 0.000000000000000000e+00
